< a a a a d >
[ a1  a2  a3   a4  decision ]
5.0000    1.9730    0.1975    9.9897    0         
4.0000    6.8318    0.2000    34.1590   0         
6.0000    0.0000    0.4050    0.0000    0         
7.0000    8.0768    0.1625    49.7033   1         
4.0000    0.0000    0.3100    0.0000    0         
12.0000   1.8873    0.2000    9.4363    0         
7.0000    0.0000    0.3475    0.0000    0         
11.0000   0.0000    0.2175    0.0000    0         
8.0000    9.4033    0.1200    78.3610   0         
4.0000    5.4494    0.2600    20.9594   0         
9.0000    38.0721   0.0125    3045.7672 0         
10.0000   0.0000    0.3850    0.0000    0         
1.0000    0.0000    0.2225    0.0000    0         
1.0000    0.0000    0.2425    0.0000    0         
9.0000    2.0336    0.1425    14.2706   1         
10.0000   0.0000    0.2825    0.0000    0         
10.0000   0.0000    0.4950    0.0000    1         
10.0000   0.0000    0.2675    0.0000    0         
6.0000    3.8258    0.3300    11.5934   0         
3.0000    0.0000    0.4200    0.0000    0         
8.0000    3.8836    0.0525    73.9743   1         
8.0000    0.0000    0.1725    0.0000    0         
5.0000    7.9435    0.2075    38.2821   0         
8.0000    0.0000    0.2225    0.0000    0         
8.0000    4.4453    0.1850    24.0287   1         
7.0000    0.0000    0.3500    0.0000    0         
3.0000    7.1501    0.0675    105.9279  0         
7.0000    2.2835    0.1950    11.7102   0         
10.0000   8.6571    0.1250    69.2567   0         
3.0000    2.7440    0.3525    7.7845    1         
6.0000    14.5293   0.1075    135.1563  1         
7.0000    11.6844   0.0500    233.6886  1         
11.0000   0.0000    0.3075    0.0000    0         
10.0000   0.0000    0.2875    0.0000    0         
7.0000    0.0000    0.2100    0.0000    0         
10.0000   15.3672   0.0400    384.1798  0         
2.0000    0.0000    0.3500    0.0000    0         
9.0000    0.0000    0.3075    0.0000    0         
10.0000   0.0000    0.3500    0.0000    0         
4.0000    1.9745    0.3350    5.8942    0         
1.0000    6.7324    0.1225    54.9580   0         
6.0000    17.1762   0.0500    343.5234  0         
8.0000    0.0000    0.4400    0.0000    1         
11.0000   0.0000    0.3500    0.0000    0         
8.0000    0.0000    0.2150    0.0000    0         
2.0000    0.0000    0.3150    0.0000    0         
4.0000    0.0000    0.3350    0.0000    0         
5.0000    5.0598    0.0775    65.2879   0         
6.0000    18.7702   0.1200    156.4181  1         
2.0000    0.0000    0.2300    0.0000    0         
8.0000    0.0000    0.5075    0.0000    0         
5.0000    0.0000    0.3375    0.0000    0         
1.0000    0.0000    0.2625    0.0000    0         
2.0000    17.1545   0.0900    190.6051  1         
11.0000   0.0000    0.2450    0.0000    0         
7.0000    0.0000    0.3075    0.0000    0         
6.0000    0.0000    0.1875    0.0000    0         
1.0000    0.0000    0.1975    0.0000    0         
10.0000   5.5959    0.1125    49.7417   0         
8.0000    4.9043    0.1100    44.5847   1         
4.0000    8.0630    0.1400    57.5926   0         
6.0000    0.0000    0.3300    0.0000    0         
10.0000   0.0000    0.2575    0.0000    0         
10.0000   0.0000    0.2500    0.0000    0         
5.0000    12.2072   0.0325    375.6074  1         
6.0000    0.0000    0.3350    0.0000    1         
3.0000    4.2178    0.3050    13.8289   1         
2.0000    0.0000    0.4025    0.0000    0         
12.0000   0.0000    0.3250    0.0000    0         
9.0000    0.0000    0.3925    0.0000    0         
7.0000    6.3835    0.1225    52.1099   0         
11.0000   10.6761   0.1350    79.0825   0         
8.0000    13.5742   0.0375    361.9795  0         
5.0000    0.0000    0.4475    0.0000    0         
12.0000   2.0744    0.1900    10.9180   0         
5.0000    0.0000    0.1925    0.0000    1         
2.0000    0.0000    0.4550    0.0000    0         
10.0000   10.3235   0.2350    43.9300   0         
12.0000   0.0000    0.3300    0.0000    0         
11.0000   5.1174    0.1375    37.2172   0         
6.0000    0.0000    0.2650    0.0000    0         
7.0000    0.0000    0.2325    0.0000    0         
7.0000    7.3732    0.1175    62.7505   1         
11.0000   23.3297   0.0325    717.8383  0         
5.0000    7.8395    0.1200    65.3288   0         
1.0000    3.0881    0.3450    8.9510    0         
2.0000    0.0000    0.3100    0.0000    0         
2.0000    0.0000    0.3150    0.0000    0         
3.0000    3.3558    0.3025    11.0935   0         
1.0000    0.0000    0.1200    0.0000    0         
4.0000    16.1117   0.0375    429.6454  0         
7.0000    0.0000    0.2700    0.0000    0         
1.0000    8.7854    0.1425    61.6521   0         
1.0000    0.0000    0.3600    0.0000    0         
1.0000    2.6589    0.2750    9.6688    0         
3.0000    8.6970    0.1050    82.8285   0         
2.0000    0.0000    0.3200    0.0000    0         
6.0000    6.8167    0.1200    56.8056   0         
9.0000    0.0000    0.2050    0.0000    0         
8.0000    0.0000    0.3700    0.0000    0         
9.0000    9.4213    0.1350    69.7876   1         
4.0000    8.2628    0.1225    67.4516   0         
7.0000    0.0000    0.4625    0.0000    0         
7.0000    0.0000    0.3675    0.0000    0         
9.0000    4.8903    0.1800    27.1686   0         
12.0000   0.0000    0.3400    0.0000    0         
9.0000    16.1377   0.0525    307.3847  0         
3.0000    2.6885    0.1600    16.8034   0         
5.0000    0.0000    0.3300    0.0000    0         
2.0000    0.0000    0.4600    0.0000    1         
9.0000    0.0000    0.3300    0.0000    0         
3.0000    0.0000    0.2050    0.0000    0         
12.0000   0.0000    0.3475    0.0000    0         
8.0000    9.4244    0.2950    31.9470   0         
3.0000    0.0000    0.4300    0.0000    1         
6.0000    0.0000    0.2900    0.0000    0         
2.0000    5.7496    0.0850    67.6427   1         
2.0000    5.7123    0.0850    67.2034   0         
10.0000   17.5268   0.0725    241.7491  0         
5.0000    0.0000    0.2175    0.0000    0         
11.0000   2.8642    0.4175    6.8603    0         
1.0000    3.1299    0.4125    7.5875    0         
2.0000    14.5200   0.0775    187.3550  0         
10.0000   0.0000    0.3775    0.0000    0         
8.0000    3.2175    0.1675    19.2090   0         
2.0000    5.7304    0.1075    53.3063   1         
7.0000    3.4204    0.0550    62.1885   1         
9.0000    0.0000    0.4150    0.0000    0         
12.0000   7.1475    0.0975    73.3081   0         
5.0000    0.0000    0.4875    0.0000    0         
11.0000   0.0000    0.2375    0.0000    0         
5.0000    17.4362   0.0275    634.0430  0         
10.0000   4.3998    0.3825    11.5028   0         
2.0000    4.2195    0.2625    16.0742   0         
8.0000    0.0000    0.4125    0.0000    0         
10.0000   13.0030   0.0375    346.7460  0         
4.0000    8.5931    0.0500    171.8628  0         
2.0000    0.0000    0.4600    0.0000    0         
6.0000    13.1914   0.0925    142.6101  0         
2.0000    6.8225    0.1950    34.9869   0         
6.0000    1.2707    0.2750    4.6207    0         
10.0000   0.0000    0.1800    0.0000    0         
9.0000    17.3675   0.0275    631.5447  1         
9.0000    1.6975    0.1875    9.0535    0         
5.0000    10.8180   0.0625    173.0878  1         
5.0000    16.9219   0.0700    241.7416  0         
7.0000    0.0000    0.2800    0.0000    0         
2.0000    0.0000    0.3300    0.0000    0         
4.0000    4.0361    0.2775    14.5446   0         
6.0000    0.0000    0.1400    0.0000    1         
6.0000    7.4456    0.1275    58.3970   0         
5.0000    6.7889    0.2475    27.4297   0         
8.0000    3.9045    0.2875    13.5810   0         
3.0000    0.0000    0.4000    0.0000    0         
9.0000    0.0000    0.1375    0.0000    0         
4.0000    8.3620    0.1975    42.3394   0         
3.0000    4.2155    0.2325    18.1311   0         
2.0000    0.0000    0.3175    0.0000    0         
9.0000    0.0000    0.4175    0.0000    0         
3.0000    12.9209   0.1125    114.8521  0         
12.0000   0.0000    0.5100    0.0000    0         
1.0000    13.9306   0.0600    232.1766  0         
9.0000    0.0000    0.4475    0.0000    0         
6.0000    0.0000    0.2325    0.0000    0         
12.0000   11.6094   0.0250    464.3753  0         
8.0000    1.4061    0.4300    3.2700    0         
8.0000    0.0000    0.4725    0.0000    1         
10.0000   0.0000    0.3875    0.0000    0         
9.0000    8.0487    0.1825    44.1023   0         
4.0000    12.6840   0.2250    56.3733   0         
4.0000    7.1264    0.1475    48.3144   0         
6.0000    7.3289    0.1925    38.0720   0         
4.0000    4.3443    0.3500    12.4124   0         
7.0000    3.1497    0.2475    12.7261   0         
5.0000    17.9593   0.0225    798.1897  0         
1.0000    0.0000    0.3425    0.0000    0         
11.0000   9.7596    0.2325    41.9767   0         
12.0000   0.0000    0.3350    0.0000    0         
4.0000    0.0000    0.2500    0.0000    0         
2.0000    0.0000    0.3800    0.0000    0         
8.0000    0.0000    0.2625    0.0000    0         
10.0000   12.7438   0.1175    108.4577  0         
12.0000   2.8327    0.4075    6.9515    0         
10.0000   6.7223    0.3350    20.0664   1         
3.0000    16.2918   0.0050    3258.3631 1         
6.0000    11.1547   0.1600    69.7166   0         
6.0000    0.0000    0.3750    0.0000    0         
5.0000    2.7928    0.1375    20.3112   0         
11.0000   0.0000    0.1650    0.0000    0         
9.0000    0.0000    0.5200    0.0000    0         
5.0000    0.0000    0.3100    0.0000    0         
11.0000   0.0000    0.3225    0.0000    0         
11.0000   1.5822    0.2500    6.3289    0         
3.0000    12.6851   0.1450    87.4832   0         
2.0000    3.0834    0.3450    8.9374    0         
2.0000    5.5531    0.1650    33.6553   0         
1.0000    2.3359    0.2525    9.2510    0         
10.0000   2.3779    0.1150    20.6778   0         
12.0000   0.0000    0.4050    0.0000    0         
4.0000    0.0000    0.5175    0.0000    0         
12.0000   0.0000    0.3975    0.0000    0         
8.0000    0.0000    0.4300    0.0000    0         
2.0000    2.3404    0.2950    7.9337    0         
1.0000    9.4962    0.1725    55.0503   0         
3.0000    18.0126   0.0075    2401.6797 1         
7.0000    0.0000    0.1875    0.0000    1         
10.0000   7.4735    0.1725    43.3245   1         
4.0000    0.0000    0.3950    0.0000    0         
8.0000    3.5353    0.3050    11.5913   1         
1.0000    0.0000    0.1950    0.0000    0         
4.0000    0.0000    0.3150    0.0000    0         
11.0000   0.0000    0.5400    0.0000    0         
4.0000    2.4279    0.1975    12.2931   0         
11.0000   0.0000    0.4100    0.0000    0         
5.0000    17.2694   0.0425    406.3378  0         
9.0000    5.7302    0.2075    27.6153   0         
2.0000    0.6529    0.2125    3.0726    0         
12.0000   0.0000    0.2300    0.0000    0         
3.0000    5.5205    0.0975    56.6206   0         
11.0000   4.4663    0.1675    26.6646   0         
12.0000   0.0000    0.2150    0.0000    0         
7.0000    0.0000    0.4250    0.0000    0         
5.0000    0.0000    0.3150    0.0000    0         
4.0000    0.0000    0.3400    0.0000    0         
8.0000    4.6831    0.3200    14.6347   0         
7.0000    0.0000    0.5000    0.0000    0         
11.0000   0.0000    0.4975    0.0000    0         
9.0000    0.0000    0.0900    0.0000    1         
2.0000    15.9676   0.1200    133.0631  0         
7.0000    21.1243   0.1450    145.6849  0         
7.0000    2.9816    0.2350    12.6875   0         
4.0000    15.9197   0.1000    159.1967  0         
3.0000    0.0000    0.3625    0.0000    0         
10.0000   3.7428    0.2750    13.6102   0         
1.0000    0.0000    0.2725    0.0000    0         
3.0000    7.9543    0.0675    117.8416  0         
12.0000   2.0254    0.3300    6.1375    0         
5.0000    0.0000    0.2175    0.0000    1         
7.0000    4.7967    0.3050    15.7270   0         
9.0000    0.0000    0.3950    0.0000    0         
3.0000    15.3167   0.1400    109.4051  0         
6.0000    0.0000    0.2950    0.0000    0         
10.0000   0.0000    0.3550    0.0000    0         
7.0000    7.4104    0.0400    185.2596  0         
4.0000    1.8560    0.2500    7.4241    0         
7.0000    8.1724    0.0150    544.8234  0         
1.0000    0.0000    0.3900    0.0000    0         
12.0000   0.0000    0.2675    0.0000    0         
5.0000    0.0000    0.2100    0.0000    0         
9.0000    8.4363    0.1200    70.3027   0         
12.0000   0.0000    0.4450    0.0000    0         
6.0000    2.3321    0.2800    8.3288    1         
9.0000    6.6570    0.1525    43.6521   0         
7.0000    0.0000    0.1800    0.0000    0         
12.0000   0.0000    0.2725    0.0000    0         
7.0000    0.0000    0.1525    0.0000    0         
12.0000   12.7032   0.1050    120.9832  0         
6.0000    0.0000    0.2975    0.0000    0         
5.0000    8.2104    0.1625    50.5256   1         
11.0000   0.0000    0.4225    0.0000    0         
6.0000    6.7336    0.0850    79.2188   0         
4.0000    0.0000    0.4350    0.0000    0         
2.0000    0.0000    0.4250    0.0000    0         
12.0000   11.8037   0.1625    72.6381   0         
11.0000   0.0000    0.2875    0.0000    0         
5.0000    6.9564    0.3850    18.0685   0         
4.0000    0.0000    0.2625    0.0000    0         
12.0000   0.0000    0.2200    0.0000    0         
3.0000    0.0000    0.3750    0.0000    0         
9.0000    0.0000    0.4900    0.0000    0         
7.0000    0.0000    0.2375    0.0000    0         
4.0000    10.9695   0.2550    43.0176   0         
8.0000    0.0000    0.3950    0.0000    0         
9.0000    3.1957    0.2525    12.6564   0         
3.0000    0.0000    0.3650    0.0000    0         
6.0000    2.3844    0.1425    16.7324   0         
12.0000   21.7128   0.1475    147.2055  0         
8.0000    8.8038    0.2175    40.4772   0         
4.0000    0.0000    0.3200    0.0000    0         
1.0000    11.7116   0.0100    1171.1564 0         
1.0000    4.9203    0.1025    48.0026   0         
2.0000    8.4979    0.0125    679.8304  1         
8.0000    0.0000    0.3625    0.0000    0         
7.0000    8.5437    0.1475    57.9234   0         
7.0000    4.8175    0.2725    17.6789   0         
4.0000    1.7309    0.2550    6.7878    0         
8.0000    3.0929    0.3300    9.3725    0         
11.0000   9.2103    0.1175    78.3855   0         
4.0000    0.0000    0.5250    0.0000    0         
2.0000    0.0000    0.3750    0.0000    0         
6.0000    0.0000    0.4225    0.0000    0         
9.0000    0.0000    0.3900    0.0000    0         
1.0000    0.0000    0.2800    0.0000    0         
9.0000    0.0000    0.2600    0.0000    1         
8.0000    5.2813    0.3475    15.1980   0         
8.0000    5.4602    0.0600    91.0039   0         
8.0000    0.0000    0.3825    0.0000    0         
3.0000    10.9218   0.0650    168.0282  1         
2.0000    0.0000    0.2950    0.0000    0         
1.0000    1.5384    0.1675    9.1844    0         
6.0000    3.9246    0.2650    14.8098   0         
5.0000    1.6969    0.2950    5.7521    0         
5.0000    0.3862    0.2175    1.7757    1         
8.0000    0.0000    0.3500    0.0000    0         
8.0000    1.4665    0.2550    5.7510    1         
4.0000    18.8898   0.0075    2518.6425 0         
1.0000    2.9983    0.1200    24.9857   0         
3.0000    11.5784   0.1250    92.6273   0         
12.0000   2.0029    0.2375    8.4334    0         
1.0000    0.0000    0.2450    0.0000    0         
11.0000   17.2772   0.0525    329.0889  0         
2.0000    9.9373    0.1000    99.3733   1         
5.0000    0.0000    0.2125    0.0000    1         
6.0000    0.0000    0.3850    0.0000    0         
9.0000    2.9683    0.1500    19.7886   0         
6.0000    0.0000    0.1250    0.0000    1         
2.0000    0.0000    0.2075    0.0000    0         
6.0000    0.0000    0.2900    0.0000    0         
10.0000   3.7864    0.2325    16.2858   0         
12.0000   0.0000    0.3325    0.0000    0         
4.0000    1.1787    0.3150    3.7418    0         
10.0000   3.8189    0.1800    21.2161   0         
1.0000    5.2495    0.1650    31.8154   0         
11.0000   11.9223   0.0650    183.4192  0         
10.0000   0.0000    0.1850    0.0000    0         
1.0000    1.2380    0.2675    4.6281    0         
11.0000   4.6050    0.1850    24.8919   0         
12.0000   0.0000    0.2500    0.0000    0         
9.0000    0.0000    0.2825    0.0000    0         
8.0000    2.6186    0.1900    13.7819   0         
10.0000   0.0000    0.2500    0.0000    1         
10.0000   0.0000    0.2300    0.0000    0         
3.0000    15.0193   0.1500    100.1289  0         
4.0000    0.0000    0.4125    0.0000    0         
4.0000    2.1885    0.2175    10.0622   0         
5.0000    0.0000    0.2475    0.0000    0         
4.0000    2.1211    0.2600    8.1581    0         
6.0000    23.9377   0.1800    132.9869  0         
5.0000    0.0000    0.2825    0.0000    0         
8.0000    5.8232    0.0700    83.1888   1         
3.0000    10.5506   0.1925    54.8085   0         
4.0000    0.0000    0.2375    0.0000    0         
11.0000   4.7605    0.2625    18.1351   0         
11.0000   0.0000    0.4025    0.0000    0         
5.0000    2.7898    0.1375    20.2894   0         
1.0000    0.0000    0.3450    0.0000    0         
11.0000   0.0000    0.4275    0.0000    0         
5.0000    5.0999    0.2950    17.2880   1         
12.0000   5.9625    0.1225    48.6733   0         
5.0000    7.0883    0.1500    47.2555   0         
2.0000    1.6082    0.3850    4.1773    0         
12.0000   0.0000    0.2550    0.0000    0         
5.0000    3.4006    0.3100    10.9697   0         
10.0000   0.0000    0.2625    0.0000    0         
11.0000   4.6808    0.3375    13.8691   0         
2.0000    0.0000    0.4150    0.0000    0         
7.0000    18.3695   0.0875    209.9374  0         
11.0000   7.4058    0.1275    58.0845   0         
3.0000    13.5239   0.1000    135.2392  1         
8.0000    2.7606    0.2975    9.2793    0         
1.0000    0.0000    0.4800    0.0000    0         
7.0000    0.0000    0.1750    0.0000    0         
9.0000    0.0000    0.3725    0.0000    0         
3.0000    0.0000    0.2950    0.0000    0         
12.0000   18.1534   0.1200    151.2781  0         
1.0000    0.0000    0.2725    0.0000    0         
7.0000    15.8713   0.0075    2116.1737 1         
4.0000    0.0000    0.3275    0.0000    0         
6.0000    2.9493    0.2575    11.4536   1         
8.0000    0.0000    0.1000    0.0000    1         
6.0000    0.0000    0.1975    0.0000    0         
9.0000    0.0000    0.2775    0.0000    0         
9.0000    25.7239   0.0300    857.4624  1         
7.0000    8.4143    0.1400    60.1022   0         
5.0000    0.0000    0.2875    0.0000    0         
6.0000    3.0323    0.1850    16.3906   0         
3.0000    3.7275    0.2100    17.7502   0         
11.0000   0.0000    0.2625    0.0000    0         
6.0000    0.0000    0.2750    0.0000    0         
1.0000    14.3124   0.0875    163.5708  0         
10.0000   24.2510   0.0500    485.0201  1         
11.0000   10.4454   0.2775    37.6411   0         
10.0000   3.2258    0.2600    12.4070   0         
12.0000   0.0000    0.2950    0.0000    0         
5.0000    0.0000    0.2825    0.0000    0         
1.0000    0.0000    0.2950    0.0000    0         
1.0000    2.3364    0.3850    6.0687    0         
3.0000    0.0000    0.4175    0.0000    0         
5.0000    0.0000    0.4875    0.0000    0         
9.0000    0.0000    0.4875    0.0000    0         
6.0000    8.3559    0.2575    32.4502   1         
3.0000    2.4523    0.1800    13.6237   0         
10.0000   0.0000    0.1225    0.0000    1         
2.0000    0.0000    0.4775    0.0000    0         
1.0000    2.1332    0.1950    10.9396   0         
9.0000    0.0000    0.4700    0.0000    0         
2.0000    11.1542   0.1100    101.4019  1         
3.0000    4.5782    0.1300    35.2170   0         
10.0000   3.4611    0.1775    19.4994   0         
3.0000    0.0000    0.3025    0.0000    1         
1.0000    0.0000    0.3125    0.0000    0         
7.0000    3.8555    0.3125    12.3376   0         
7.0000    0.0000    0.4175    0.0000    0         
12.0000   9.4222    0.1450    64.9809   0         
10.0000   20.7783   0.0100    2077.8296 1         
12.0000   5.7293    0.1875    30.5561   0         
4.0000    0.0000    0.4150    0.0000    0         
12.0000   4.2314    0.3300    12.8224   0         
10.0000   0.0000    0.3425    0.0000    0         
1.0000    15.4868   0.0575    269.3351  0         
2.0000    0.0000    0.2525    0.0000    0         
10.0000   7.4153    0.2125    34.8955   0         
4.0000    14.8560   0.1650    90.0361   0         
5.0000    18.5347   0.0400    463.3675  0         
4.0000    9.8736    0.1525    64.7448   0         
6.0000    4.4628    0.1175    37.9813   0         
12.0000   0.0000    0.3700    0.0000    0         
8.0000    0.0000    0.2100    0.0000    0         
5.0000    2.0627    0.2375    8.6852    1         
11.0000   2.6805    0.3700    7.2447    0         
1.0000    0.0000    0.1325    0.0000    0         
2.0000    0.0000    0.2975    0.0000    0         
3.0000    0.0000    0.2875    0.0000    0         
10.0000   2.2362    0.3375    6.6258    0         
6.0000    11.4213   0.1475    77.4323   1         
12.0000   0.0000    0.3425    0.0000    0         
12.0000   0.0000    0.1950    0.0000    0         
11.0000   12.3731   0.1000    123.7312  0         
6.0000    0.0000    0.3300    0.0000    0         
8.0000    2.8442    0.2600    10.9392   0         
9.0000    0.0000    0.3050    0.0000    0         
4.0000    1.2186    0.3750    3.2496    0         
12.0000   4.0219    0.2600    15.4688   0         
8.0000    0.0000    0.4475    0.0000    0         
7.0000    15.2745   0.0700    218.2074  0         
12.0000   0.9398    0.2600    3.6147    0         
11.0000   0.0000    0.4025    0.0000    0         
3.0000    0.0000    0.4825    0.0000    0         
10.0000   0.0000    0.2275    0.0000    1         
3.0000    2.4818    0.1600    15.5111   1         
8.0000    0.0000    0.2125    0.0000    1         
4.0000    0.0000    0.2575    0.0000    0         
2.0000    0.0000    0.4225    0.0000    0         
12.0000   0.0000    0.1950    0.0000    0         
3.0000    16.1046   0.1200    134.2049  1         
3.0000    0.0000    0.3100    0.0000    0         
1.0000    0.0000    0.2400    0.0000    0         
1.0000    1.9738    0.3675    5.3710    0         
7.0000    6.3389    0.0725    87.4326   1         
7.0000    25.6085   0.0125    2048.6811 1         
8.0000    11.9244   0.1575    75.7106   0         
6.0000    0.0000    0.2625    0.0000    0         
12.0000   1.8249    0.3275    5.5722    0         
3.0000    14.2782   0.1375    103.8416  0         
12.0000   0.0000    0.2375    0.0000    0         
2.0000    12.5700   0.1325    94.8677   0         
11.0000   2.2552    0.2700    8.3527    0         
8.0000    0.0000    0.2050    0.0000    0         
3.0000    16.5916   0.0825    201.1102  0         
3.0000    11.9951   0.1925    62.3120   0         
3.0000    17.5847   0.1275    137.9196  0         
2.0000    1.9399    0.1325    14.6409   1         
11.0000   14.5995   0.0125    1167.9589 0         
8.0000    5.0512    0.2150    23.4942   0         
12.0000   0.0000    0.3450    0.0000    0         
3.0000    8.1556    0.0775    105.2335  0         
7.0000    2.1123    0.1850    11.4176   1         
1.0000    0.0000    0.4175    0.0000    0         
8.0000    0.0000    0.3525    0.0000    0         
8.0000    5.3228    0.1650    32.2597   1         
6.0000    3.4432    0.1725    19.9605   1         
7.0000    2.8361    0.4050    7.0028    0         
7.0000    0.0000    0.3275    0.0000    0         
11.0000   3.8073    0.3350    11.3651   0         
8.0000    0.0000    0.1450    0.0000    0         
12.0000   0.0000    0.1950    0.0000    0         
1.0000    2.0355    0.2025    10.0516   0         
8.0000    1.5383    0.1825    8.4289    1         
9.0000    6.5551    0.1050    62.4297   0         
5.0000    6.1807    0.1550    39.8755   0         
8.0000    0.0000    0.0825    0.0000    0         
11.0000   0.0000    0.1150    0.0000    0         
3.0000    10.4544   0.1575    66.3773   1         
9.0000    0.0000    0.2775    0.0000    0         
8.0000    5.8880    0.1675    35.1523   0         
3.0000    1.4425    0.3075    4.6911    0         
10.0000   0.0000    0.2400    0.0000    0         
5.0000    0.0000    0.2700    0.0000    0         
11.0000   14.1599   0.1325    106.8674  0         
2.0000    3.9411    0.1400    28.1505   0         
4.0000    0.0000    0.3175    0.0000    0         
4.0000    9.4414    0.0450    209.8078  0         
2.0000    15.6857   0.0400    392.1425  1         
9.0000    0.0000    0.4550    0.0000    0         
2.0000    0.0000    0.2525    0.0000    0         
7.0000    0.0000    0.4400    0.0000    0         
5.0000    0.0000    0.3875    0.0000    0         
2.0000    3.7746    0.1325    28.4876   0         
5.0000    0.0000    0.2075    0.0000    0         
4.0000    3.1319    0.2725    11.4934   0         
12.0000   4.9830    0.3150    15.8190   0         
12.0000   8.5238    0.2025    42.0928   0         
12.0000   0.0000    0.2950    0.0000    0         
9.0000    5.8685    0.2750    21.3401   0         
9.0000    0.0000    0.4075    0.0000    0         
4.0000    4.2716    0.3225    13.2454   0         
12.0000   0.0000    0.2150    0.0000    0         
7.0000    3.8398    0.3475    11.0498   1         
12.0000   0.0000    0.2200    0.0000    0         
1.0000    0.0000    0.4550    0.0000    0         
10.0000   0.0000    0.2025    0.0000    0         
10.0000   9.7214    0.1325    73.3689   0         
1.0000    0.0000    0.3825    0.0000    0         
11.0000   7.3757    0.1150    64.1367   0         
2.0000    18.1623   0.0200    908.1140  0         
5.0000    20.1006   0.1125    178.6718  1         
1.0000    0.0000    0.3800    0.0000    0         
10.0000   0.0000    0.5325    0.0000    0         
9.0000    2.8719    0.1625    17.6730   0         
1.0000    0.0000    0.2500    0.0000    0         
10.0000   5.4175    0.1150    47.1087   1         
4.0000    19.4405   0.1050    185.1481  0         
12.0000   20.5749   0.0700    293.9272  0         
1.0000    0.0000    0.4075    0.0000    0         
2.0000    7.4006    0.0250    296.0236  1         
3.0000    0.0000    0.2875    0.0000    0         
7.0000    0.0000    0.2375    0.0000    0         
11.0000   3.5810    0.1625    22.0370   0         
2.0000    0.0000    0.4950    0.0000    0         
12.0000   0.0000    0.2025    0.0000    0         
11.0000   0.0000    0.3875    0.0000    0         
3.0000    6.7444    0.1450    46.5129   0         
9.0000    28.1743   0.1475    191.0121  0         
6.0000    3.5451    0.1475    24.0347   0         
11.0000   0.0000    0.4425    0.0000    0         
6.0000    0.0000    0.2075    0.0000    1         
5.0000    24.8429   0.0750    331.2386  1         
8.0000    10.0444   0.1200    83.7034   1         
1.0000    1.6160    0.1575    10.2601   0         
1.0000    0.0000    0.2300    0.0000    0         
9.0000    0.0000    0.2625    0.0000    1         
5.0000    0.0000    0.4075    0.0000    0         
5.0000    17.2350   0.0325    530.3089  1         
6.0000    2.8140    0.3475    8.0979    0         
10.0000   15.8749   0.0225    705.5509  0         
7.0000    30.8621   0.0150    2057.4747 0         
4.0000    0.0000    0.4275    0.0000    0         
4.0000    0.0000    0.4800    0.0000    0         
3.0000    4.9856    0.3475    14.3470   1         
10.0000   26.2516   0.0075    3500.2141 1         
2.0000    9.3517    0.1600    58.4479   0         
11.0000   2.3328    0.2150    10.8501   0         
9.0000    2.7389    0.2575    10.6367   0         
7.0000    12.2171   0.0950    128.6015  1         
12.0000   6.9106    0.2950    23.4258   0         
5.0000    0.0000    0.3975    0.0000    0         
5.0000    0.0000    0.4575    0.0000    0         
12.0000   0.0000    0.3300    0.0000    0         
11.0000   8.2191    0.2150    38.2282   0         
3.0000    8.2367    0.0075    1098.2206 0         
10.0000   0.0000    0.3875    0.0000    0         
1.0000    11.6458   0.0525    221.8254  0         
9.0000    0.0000    0.1600    0.0000    0         
8.0000    3.6907    0.3450    10.6976   0         
10.0000   2.7936    0.3225    8.6623    0         
5.0000    3.6672    0.2700    13.5824   0         
10.0000   5.0545    0.3525    14.3390   1         
4.0000    10.3757   0.1625    63.8507   0         
9.0000    11.2910   0.0675    167.2737  0         
6.0000    0.0000    0.2700    0.0000    0         
9.0000    0.0000    0.3475    0.0000    0         
2.0000    2.1341    0.3600    5.9281    0         
6.0000    3.1026    0.2825    10.9828   0         
1.0000    3.2362    0.3175    10.1928   0         
5.0000    0.6116    0.2875    2.1274    1         
2.0000    12.5715   0.0150    838.1019  1         
11.0000   0.0000    0.3700    0.0000    0         
8.0000    1.8238    0.2500    7.2950    0         
2.0000    0.0000    0.1800    0.0000    1         
9.0000    7.2172    0.1400    51.5511   0         
4.0000    0.0000    0.4025    0.0000    0         
9.0000    0.0000    0.3725    0.0000    1         
3.0000    0.0000    0.5150    0.0000    0         
8.0000    3.6476    0.2575    14.1655   0         
10.0000   1.8322    0.2625    6.9797    0         
5.0000    0.0000    0.1925    0.0000    0         
8.0000    1.2916    0.0850    15.1950   0         
2.0000    11.2331   0.0825    136.1585  0         
11.0000   8.6657    0.2250    38.5143   0         
10.0000   0.7057    0.2875    2.4545    1         
9.0000    1.5798    0.0625    25.2765   1         
5.0000    0.0000    0.2000    0.0000    0         
3.0000    3.1434    0.2100    14.9685   0         
5.0000    0.0000    0.4750    0.0000    0         
3.0000    4.8033    0.1450    33.1260   0         
2.0000    0.0000    0.3150    0.0000    1         
7.0000    12.5797   0.0100    1257.9739 1         
1.0000    0.0000    0.3575    0.0000    0         
1.0000    2.7445    0.1375    19.9600   0         
4.0000    0.0000    0.3325    0.0000    0         
9.0000    6.2586    0.1525    41.0400   0         
4.0000    2.7931    0.2950    9.4681    0         
5.0000    0.0000    0.3975    0.0000    0         
7.0000    0.0000    0.4575    0.0000    0         
7.0000    0.0000    0.4275    0.0000    1         
2.0000    0.0000    0.2725    0.0000    1         
1.0000    2.4083    0.3150    7.6455    0         
6.0000    0.0000    0.4225    0.0000    0         
9.0000    2.8555    0.3625    7.8773    0         
4.0000    3.5017    0.2725    12.8502   0         
6.0000    0.0000    0.1750    0.0000    0         
5.0000    15.2777   0.1575    97.0015   0         
6.0000    2.1576    0.1650    13.0762   0         
2.0000    0.0000    0.4600    0.0000    0         
2.0000    4.0705    0.2450    16.6144   0         
5.0000    0.0000    0.3225    0.0000    0         
11.0000   2.9252    0.1775    16.4802   0         
6.0000    3.4679    0.1225    28.3094   1         
11.0000   0.0000    0.2775    0.0000    0         
3.0000    9.9794    0.1525    65.4389   1         
2.0000    6.8173    0.1525    44.7038   1         
7.0000    6.1410    0.1850    33.1945   0         
12.0000   2.4014    0.1925    12.4748   0         
5.0000    20.4012   0.0225    906.7217  1         
12.0000   0.0000    0.4100    0.0000    0         
6.0000    0.0000    0.3975    0.0000    0         
3.0000    0.0000    0.4425    0.0000    0         
3.0000    0.0000    0.2075    0.0000    1         
11.0000   0.0000    0.3550    0.0000    0         
10.0000   0.0000    0.3350    0.0000    0         
2.0000    0.0000    0.3975    0.0000    0         
4.0000    7.5664    0.2700    28.0237   0         
5.0000    0.0000    0.1175    0.0000    1         
2.0000    10.6646   0.1025    104.0451  0         
12.0000   7.0995    0.1700    41.7617   0         
3.0000    4.9321    0.2300    21.4439   0         
7.0000    0.0000    0.3250    0.0000    0         
10.0000   11.1918   0.1925    58.1390   1         
6.0000    12.7375   0.1325    96.1318   1         
1.0000    9.1969    0.1025    89.7262   0         
7.0000    5.3201    0.2975    17.8826   0         
9.0000    6.2701    0.1800    34.8341   1         
9.0000    18.5620   0.0475    390.7787  1         
9.0000    10.3450   0.1725    59.9712   0         
7.0000    0.0000    0.2450    0.0000    0         
8.0000    0.0000    0.2675    0.0000    0         
10.0000   16.4494   0.0100    1644.9411 0         
8.0000    17.2812   0.0300    576.0400  1         
12.0000   4.4929    0.2025    22.1870   0         
9.0000    26.9312   0.1425    188.9907  1         
5.0000    0.0000    0.2500    0.0000    0         
7.0000    0.0000    0.2775    0.0000    0         
12.0000   3.6260    0.2650    13.6831   0         
6.0000    0.0000    0.4725    0.0000    0         
11.0000   3.9510    0.3500    11.2885   0         
7.0000    1.5580    0.2725    5.7173    0         
3.0000    11.6680   0.1150    101.4612  1         
6.0000    0.0000    0.4150    0.0000    0         
3.0000    0.0000    0.3200    0.0000    0         
11.0000   2.3062    0.1725    13.3691   0         
1.0000    0.0000    0.3475    0.0000    0         
12.0000   0.0000    0.3875    0.0000    0         
2.0000    13.2226   0.1625    81.3701   0         
1.0000    2.9010    0.4350    6.6690    0         
7.0000    13.8355   0.0150    922.3695  0         
3.0000    5.5667    0.1450    38.3912   0         
11.0000   4.6214    0.2700    17.1165   0         
4.0000    0.0000    0.3850    0.0000    0         
11.0000   0.0000    0.4325    0.0000    0         
7.0000    0.0000    0.1450    0.0000    0         
11.0000   0.0000    0.4525    0.0000    0         
9.0000    0.0000    0.2750    0.0000    1         
12.0000   6.7018    0.2125    31.5378   0         
4.0000    0.0000    0.3300    0.0000    0         
4.0000    4.0338    0.3175    12.7050   0         
1.0000    0.0000    0.5075    0.0000    0         
4.0000    0.0000    0.3200    0.0000    0         
10.0000   0.0000    0.2725    0.0000    0         
8.0000    0.0000    0.5200    0.0000    0         
6.0000    0.0000    0.3450    0.0000    1         
10.0000   8.4155    0.1275    66.0039   1         
6.0000    7.3945    0.1100    67.2225   0         
10.0000   1.5748    0.3475    4.5317    0         
9.0000    18.9140   0.0925    204.4759  1         
8.0000    5.1635    0.1175    43.9448   0         
1.0000    0.0000    0.2900    0.0000    0         
10.0000   0.0000    0.2500    0.0000    0         
6.0000    4.8244    0.1725    27.9675   1         
6.0000    0.0000    0.4075    0.0000    0         
6.0000    3.3901    0.3700    9.1625    0         
1.0000    5.4184    0.1025    52.8622   0         
1.0000    0.0000    0.2900    0.0000    0         
4.0000    3.2480    0.2250    14.4356   0         
11.0000   3.3152    0.3900    8.5006    0         
11.0000   0.0000    0.2925    0.0000    0         
9.0000    13.6793   0.0475    287.9853  1         
8.0000    0.0000    0.1750    0.0000    0         
11.0000   0.0000    0.4275    0.0000    0         
10.0000   0.0000    0.3500    0.0000    1         
9.0000    13.5950   0.1125    120.8441  0         
7.0000    0.0000    0.1200    0.0000    1         
11.0000   0.0000    0.2250    0.0000    0         
10.0000   0.0000    0.3450    0.0000    0         
4.0000    0.0000    0.4975    0.0000    0         
6.0000    0.0000    0.1875    0.0000    0         
11.0000   0.0000    0.3350    0.0000    0         
9.0000    0.0000    0.3450    0.0000    0         
11.0000   0.0000    0.4225    0.0000    0         
12.0000   0.0000    0.4875    0.0000    0         
6.0000    2.2485    0.2950    7.6220    0         
4.0000    0.0000    0.3900    0.0000    0         
1.0000    11.4025   0.1725    66.1016   0         
3.0000    0.0000    0.4400    0.0000    0         
8.0000    0.0000    0.2700    0.0000    1         
3.0000    1.8751    0.3300    5.6821    0         
8.0000    8.5579    0.2250    38.0350   0         
5.0000    0.0000    0.3175    0.0000    0         
7.0000    6.1475    0.1550    39.6614   1         
7.0000    11.8199   0.1000    118.1989  0         
8.0000    0.0000    0.4500    0.0000    0         
